0	4	0.000000	0.000000	0.452722
0	7	0.000000	0.044562	0.000000
0	8	0.643750	0.000000	0.000000
0	11	0.000000	0.000000	0.054441
0	12	0.000000	0.301360	0.000000
0	16	0.000000	0.300604	0.492837
0	19	0.000000	0.307402	0.000000
0	21	0.356250	0.000000	0.000000
0	25	0.000000	0.046073	0.000000
1	5	0.353125	0.000000	0.000000
1	10	0.000000	0.057402	0.000000
1	20	0.000000	0.000000	0.053009
1	21	0.000000	0.000000	0.744269
1	24	0.193750	0.000000	0.000000
1	25	0.453125	0.000000	0.000000
1	26	0.000000	0.254532	0.000000
1	29	0.000000	0.048338	0.202722
1	30	0.000000	0.639728	0.000000
2	1	0.000000	0.151813	0.000000
2	3	0.000000	0.000000	0.950573
2	6	0.409375	0.000000	0.000000
2	7	0.000000	0.139728	0.000000
2	8	0.000000	0.000000	0.049427
2	10	0.497656	0.000000	0.000000
2	15	0.000000	0.154079	0.000000
2	19	0.000000	0.188066	0.000000
2	20	0.092969	0.000000	0.000000
2	21	0.000000	0.366314	0.000000
3	1	0.000000	0.514350	0.000000
3	3	0.407812	0.000000	0.000000
3	4	0.000000	0.335347	0.000000
3	6	0.000000	0.150302	0.000000
3	7	0.000000	0.000000	0.306590
3	13	0.000000	0.000000	0.234957
3	15	0.000000	0.000000	0.404011
3	23	0.100000	0.000000	0.000000
3	25	0.000000	0.000000	0.054441
3	26	0.152344	0.000000	0.000000
3	28	0.248437	0.000000	0.000000
3	29	0.091406	0.000000	0.000000
4	1	0.300000	0.000000	0.000000
4	8	0.000000	0.000000	0.192693
4	9	0.000000	0.725831	0.000000
4	11	0.238281	0.000000	0.000000
4	13	0.000000	0.166918	0.000000
4	19	0.355469	0.000000	0.000000
4	23	0.106250	0.000000	0.000000
4	24	0.000000	0.107251	0.594556
4	26	0.000000	0.000000	0.212751
5	4	0.601563	0.000000	0.000000
5	5	0.144531	0.538520	0.000000
5	8	0.000000	0.000000	0.150430
5	14	0.000000	0.000000	0.095989
5	16	0.000000	0.175982	0.000000
5	20	0.000000	0.285498	0.000000
5	23	0.000000	0.000000	0.054441
5	25	0.253906	0.000000	0.606734
5	27	0.000000	0.000000	0.092407
6	10	0.000000	0.647281	0.000000
6	15	0.000000	0.093656	0.511461
6	16	0.266406	0.000000	0.000000
6	18	0.000000	0.259063	0.000000
6	22	0.000000	0.000000	0.237106
6	27	0.000000	0.000000	0.251433
6	28	0.733594	0.000000	0.000000
7	8	0.000000	0.057402	0.000000
7	12	0.000000	0.444864	0.000000
7	13	0.000000	0.091390	0.000000
7	16	0.000000	0.000000	0.346705
7	20	0.094531	0.000000	0.000000
7	26	0.905469	0.000000	0.554441
7	29	0.000000	0.406344	0.000000
7	30	0.000000	0.000000	0.098854
8	8	0.000000	0.000000	0.103868
8	9	0.299219	0.481118	0.000000
8	10	0.446875	0.000000	0.000000
8	11	0.000000	0.000000	0.242120
8	14	0.000000	0.518882	0.000000
8	24	0.000000	0.000000	0.654011
8	29	0.253906	0.000000	0.000000
9	1	0.000000	0.000000	0.793696
9	15	0.000000	0.000000	0.053725
9	17	0.000000	0.087613	0.152579
9	18	0.201562	0.000000	0.000000
9	20	0.798437	0.000000	0.000000
9	21	0.000000	0.580816	0.000000
9	26	0.000000	0.331571	0.000000
10	2	0.000000	0.164653	0.000000
10	5	0.000000	0.792296	0.000000
10	6	0.000000	0.000000	0.702722
10	13	0.699219	0.000000	0.000000
10	17	0.000000	0.043051	0.242837
10	24	0.300781	0.000000	0.000000
10	27	0.000000	0.000000	0.054441
11	5	0.000000	0.546828	0.000000
11	8	0.000000	0.000000	0.431232
11	11	0.802344	0.000000	0.000000
11	12	0.000000	0.306647	0.000000
11	13	0.197656	0.000000	0.000000
11	14	0.000000	0.000000	0.464900
11	15	0.000000	0.000000	0.103868
11	28	0.000000	0.146526	0.000000
12	1	0.000000	0.000000	0.107450
12	6	0.000000	0.268127	0.000000
12	9	0.000000	0.297583	0.000000
12	13	0.000000	0.000000	0.093123
12	16	0.000000	0.244713	0.000000
12	17	0.000000	0.000000	0.593123
12	19	0.952344	0.000000	0.000000
12	20	0.000000	0.000000	0.206304
12	26	0.000000	0.189577	0.000000
12	29	0.047656	0.000000	0.000000
13	3	0.142969	0.000000	0.000000
13	4	0.000000	0.257553	0.000000
13	5	0.800781	0.000000	0.000000
13	8	0.000000	0.043051	0.000000
13	13	0.000000	0.117069	0.000000
13	18	0.000000	0.000000	0.054441
13	23	0.000000	0.000000	0.293696
13	27	0.000000	0.096677	0.000000
13	28	0.000000	0.485650	0.000000
13	29	0.056250	0.000000	0.651862
14	4	0.000000	0.000000	0.161891
14	7	0.500781	0.000000	0.000000
14	9	0.000000	0.000000	0.544413
14	16	0.000000	0.000000	0.153295
14	17	0.000000	0.327795	0.000000
14	19	0.000000	0.470544	0.000000
14	27	0.000000	0.201662	0.000000
14	28	0.000000	0.000000	0.140401
14	30	0.499219	0.000000	0.000000
15	10	0.000000	0.136707	0.000000
15	11	0.000000	0.349698	0.000000
15	18	0.908594	0.000000	0.000000
15	21	0.000000	0.000000	0.101003
15	23	0.000000	0.000000	0.049427
15	26	0.000000	0.513595	0.000000
15	28	0.091406	0.000000	0.000000
15	29	0.000000	0.000000	0.849570
16	3	0.094531	0.000000	0.000000
16	4	0.000000	0.257553	0.000000
16	5	0.000000	0.000000	0.054441
16	7	0.000000	0.059668	0.000000
16	13	0.246875	0.000000	0.000000
16	15	0.248437	0.000000	0.000000
16	17	0.000000	0.000000	0.364613
16	18	0.000000	0.000000	0.580946
16	19	0.410156	0.000000	0.000000
16	26	0.000000	0.682779	0.000000
17	7	0.294531	0.000000	0.000000
17	10	0.000000	0.000000	0.049427
17	11	0.099219	0.000000	0.000000
17	12	0.394531	0.000000	0.000000
17	13	0.000000	0.000000	0.140401
17	14	0.000000	0.267372	0.000000
17	16	0.211719	0.000000	0.000000
17	18	0.000000	0.000000	0.760029
17	21	0.000000	0.089124	0.000000
17	24	0.000000	0.536254	0.000000
17	29	0.000000	0.107251	0.050143
18	1	0.282812	0.000000	0.000000
18	4	0.000000	0.043051	0.000000
18	6	0.203906	0.161631	0.000000
18	7	0.000000	0.142749	0.313037
18	8	0.151562	0.000000	0.000000
18	10	0.000000	0.352719	0.000000
18	19	0.361719	0.000000	0.000000
18	24	0.000000	0.299849	0.000000
18	26	0.000000	0.000000	0.054441
18	28	0.000000	0.000000	0.632521
19	3	0.398438	0.000000	0.000000
19	7	0.458594	0.000000	0.000000
19	9	0.092969	0.000000	0.738539
19	15	0.000000	1.000000	0.000000
19	17	0.000000	0.000000	0.054441
19	25	0.050000	0.000000	0.107450
19	29	0.000000	0.000000	0.099570
20	1	0.205469	0.000000	0.000000
20	3	0.000000	0.204683	0.000000
20	4	0.000000	0.000000	0.444842
20	15	0.547656	0.000000	0.000000
20	19	0.000000	0.437311	0.000000
20	20	0.000000	0.043051	0.000000
20	23	0.000000	0.314955	0.000000
20	24	0.000000	0.000000	0.419771
20	26	0.246875	0.000000	0.000000
20	30	0.000000	0.000000	0.135387
21	1	0.000000	0.225076	0.512894
21	2	0.000000	0.574773	0.000000
21	12	0.000000	0.200151	0.000000
21	13	0.000000	0.000000	0.398281
21	15	0.000000	0.000000	0.088825
21	17	0.342969	0.000000	0.000000
21	21	0.358594	0.000000	0.000000
21	25	0.153906	0.000000	0.000000
21	27	0.144531	0.000000	0.000000
22	5	0.341406	0.910876	0.000000
22	7	0.201563	0.000000	0.000000
22	15	0.000000	0.000000	0.199857
22	19	0.000000	0.000000	0.617479
22	20	0.000000	0.046073	0.000000
22	25	0.000000	0.000000	0.103868
22	26	0.000000	0.043051	0.078797
22	30	0.457031	0.000000	0.000000
23	1	0.198437	0.000000	0.000000
23	7	0.000000	0.000000	0.448424
23	8	0.000000	0.000000	0.444126
23	12	0.391406	0.000000	0.000000
23	13	0.410156	0.000000	0.107450
23	21	0.000000	0.257553	0.000000
23	27	0.000000	0.208459	0.000000
23	28	0.000000	0.533988	0.000000
24	1	0.000000	0.000000	0.101003
24	8	0.257031	0.000000	0.289398
24	10	0.000000	0.233384	0.000000
24	14	0.000000	0.000000	0.103868
24	18	0.342969	0.000000	0.505731
24	21	0.400000	0.000000	0.000000
24	29	0.000000	0.558912	0.000000
24	30	0.000000	0.207704	0.000000
25	2	0.000000	0.000000	0.053009
25	8	0.000000	0.416918	0.000000
25	9	0.000000	0.000000	0.054441
25	20	1.000000	0.000000	0.000000
25	22	0.000000	0.373867	0.680516
25	27	0.000000	0.000000	0.212034
25	29	0.000000	0.209215	0.000000
26	6	0.000000	0.348187	0.049427
26	7	0.354687	0.000000	0.000000
26	12	0.407812	0.000000	0.000000
26	13	0.000000	0.158610	0.000000
26	18	0.000000	0.493202	0.000000
26	19	0.237500	0.000000	0.000000
26	24	0.000000	0.000000	0.302292
26	28	0.000000	0.000000	0.247135
26	30	0.000000	0.000000	0.401146
27	7	0.149219	0.000000	0.000000
27	14	0.000000	0.000000	0.103868
27	15	0.199219	0.000000	0.000000
27	18	0.000000	0.405589	0.000000
27	19	0.000000	0.000000	0.896132
27	21	0.196094	0.000000	0.000000
27	22	0.000000	0.301360	0.000000
27	23	0.000000	0.293051	0.000000
27	24	0.256250	0.000000	0.000000
27	30	0.199219	0.000000	0.000000
28	2	0.201562	0.000000	0.140401
28	7	0.000000	0.048338	0.000000
28	9	0.000000	0.000000	0.341691
28	11	0.000000	0.370846	0.000000
28	15	0.000000	0.330060	0.000000
28	20	0.398438	0.050604	0.000000
28	25	0.295312	0.000000	0.000000
28	29	0.104687	0.200151	0.000000
28	30	0.000000	0.000000	0.517908
29	2	0.000000	0.145015	0.242837
29	3	0.000000	0.000000	0.244986
29	6	0.056250	0.000000	0.000000
29	7	0.553906	0.311934	0.000000
29	9	0.000000	0.000000	0.054441
29	13	0.246875	0.000000	0.000000
29	14	0.000000	0.000000	0.104585
29	19	0.000000	0.241692	0.000000
29	20	0.000000	0.000000	0.353152
29	21	0.000000	0.046073	0.000000
29	23	0.000000	0.255287	0.000000
29	26	0.142969	0.000000	0.000000
30	2	0.000000	0.505287	0.000000
30	4	0.000000	0.145015	0.000000
30	6	0.000000	0.000000	0.054441
30	9	0.311719	0.000000	0.000000
30	14	0.000000	0.000000	0.158309
30	16	0.000000	0.200906	0.000000
30	17	0.094531	0.148792	0.237822
30	23	0.246875	0.000000	0.000000
30	26	0.346875	0.000000	0.000000
30	28	0.000000	0.000000	0.549427
31	1	0.148437	0.000000	0.000000
31	2	0.000000	0.365559	0.000000
31	4	0.395312	0.000000	0.000000
31	11	0.000000	0.589879	0.000000
31	16	0.000000	0.000000	0.513610
31	20	0.214062	0.000000	0.000000
31	24	0.000000	0.000000	0.486390
31	27	0.000000	0.044562	0.000000
31	29	0.242187	0.000000	0.000000
32	2	0.000000	0.000000	0.333095
32	3	0.000000	0.000000	0.210602
32	10	0.000000	0.150302	0.000000
32	11	0.000000	0.000000	0.050143
32	12	0.000000	0.000000	0.252149
32	14	0.256250	0.000000	0.000000
32	15	0.000000	0.792296	0.000000
32	17	0.000000	0.057402	0.000000
32	19	0.056250	0.000000	0.000000
32	21	0.349219	0.000000	0.000000
32	22	0.338281	0.000000	0.000000
32	29	0.000000	0.000000	0.154011
33	1	0.000000	0.000000	0.237106
33	2	0.739062	0.000000	0.000000
33	3	0.211719	0.000000	0.000000
33	10	0.000000	0.000000	0.354585
33	13	0.000000	0.048338	0.000000
33	17	0.049219	0.000000	0.000000
33	21	0.000000	0.561934	0.000000
33	22	0.000000	0.300604	0.000000
33	25	0.000000	0.000000	0.054441
33	26	0.000000	0.089124	0.000000
33	29	0.000000	0.000000	0.353868
34	2	0.241406	0.323263	0.000000
34	4	0.295312	0.000000	0.000000
34	5	0.000000	0.305891	0.000000
34	6	0.318750	0.000000	0.000000
34	7	0.000000	0.000000	0.255014
34	9	0.000000	0.370846	0.000000
34	17	0.000000	0.000000	0.690544
34	20	0.000000	0.000000	0.054441
34	29	0.144531	0.000000	0.000000
35	5	0.246875	0.000000	0.257880
35	10	0.000000	0.134441	0.591691
35	13	0.162500	0.000000	0.000000
35	14	0.000000	0.000000	0.054441
35	18	0.590625	0.470544	0.000000
35	23	0.000000	0.395015	0.095989
36	9	0.418750	0.493958	0.000000
36	11	0.000000	0.050604	0.000000
36	12	0.000000	0.303625	0.000000
36	13	0.000000	0.000000	0.107450
36	16	0.000000	0.151813	0.000000
36	22	0.199219	0.000000	0.000000
36	27	0.382031	0.000000	0.892550
37	3	0.000000	0.000000	0.505014
37	5	0.000000	0.000000	0.395415
37	8	0.000000	0.094411	0.000000
37	12	0.000000	0.000000	0.099570
37	14	0.251562	0.000000	0.000000
37	15	0.000000	0.161631	0.000000
37	27	0.748437	0.000000	0.000000
37	29	0.000000	0.179758	0.000000
37	30	0.000000	0.564199	0.000000
38	1	0.000000	0.182779	0.739255
38	4	0.000000	0.057402	0.000000
38	10	0.095313	0.000000	0.000000
38	14	0.000000	0.000000	0.152579
38	16	0.000000	0.759819	0.000000
38	25	0.658594	0.000000	0.000000
38	27	0.246094	0.000000	0.000000
38	28	0.000000	0.000000	0.108166
39	5	0.000000	0.756798	0.000000
39	8	0.491406	0.000000	0.000000
39	10	0.000000	0.243202	0.000000
39	11	0.050000	0.000000	0.000000
39	12	0.055469	0.000000	0.000000
39	14	0.111719	0.000000	0.000000
39	22	0.291406	0.000000	0.000000
39	23	0.000000	0.000000	0.845989
39	24	0.000000	0.000000	0.099570
39	28	0.000000	0.000000	0.054441
40	1	0.154687	0.000000	0.000000
40	7	0.000000	0.148792	0.000000
40	9	0.291406	0.000000	0.000000
40	13	0.000000	0.046073	0.000000
40	18	0.000000	0.173716	0.647564
40	19	0.000000	0.631420	0.000000
40	20	0.553906	0.000000	0.000000
40	24	0.000000	0.000000	0.196991
40	26	0.000000	0.000000	0.155444
41	1	0.000000	0.354985	0.000000
41	2	0.157031	0.000000	0.000000
41	5	0.000000	0.000000	0.282235
41	9	0.300000	0.000000	0.000000
41	13	0.000000	0.165408	0.000000
41	15	0.000000	0.151813	0.000000
41	20	0.000000	0.327795	0.000000
41	21	0.000000	0.000000	0.668338
41	25	0.542969	0.000000	0.000000
41	27	0.000000	0.000000	0.049427
42	7	0.238281	0.000000	0.000000
42	10	0.000000	0.000000	0.261461
42	12	0.000000	0.135952	0.000000
42	14	0.000000	0.261329	0.000000
42	17	0.000000	0.368580	0.402579
42	23	0.000000	0.234139	0.335960
42	26	0.150000	0.000000	0.000000
42	29	0.611719	0.000000	0.000000
43	8	0.000000	0.093656	0.000000
43	9	0.000000	0.000000	0.361032
43	11	1.000000	0.000000	0.000000
43	14	0.000000	0.000000	0.140401
43	19	0.000000	0.354985	0.000000
43	21	0.000000	0.332326	0.498567
43	24	0.000000	0.219033	0.000000
44	1	0.000000	0.303625	0.000000
44	7	0.000000	0.150302	0.000000
44	8	0.000000	0.391994	0.000000
44	10	0.000000	0.050604	0.000000
44	13	0.104687	0.000000	0.000000
44	14	0.499219	0.000000	0.000000
44	17	0.189844	0.000000	0.000000
44	19	0.000000	0.000000	0.461318
44	20	0.000000	0.103474	0.000000
44	22	0.000000	0.000000	0.538682
44	26	0.206250	0.000000	0.000000
45	8	0.199219	0.000000	0.000000
45	9	0.000000	0.146526	0.000000
45	11	0.340625	0.000000	0.000000
45	14	0.000000	0.059668	0.000000
45	19	0.000000	0.000000	0.396132
45	20	0.000000	0.517372	0.000000
45	22	0.000000	0.233384	0.000000
45	25	0.000000	0.043051	0.000000
45	26	0.000000	0.000000	0.603868
45	27	0.460156	0.000000	0.000000
46	3	0.000000	0.000000	0.300860
46	5	0.000000	0.000000	0.053009
46	9	0.000000	0.000000	0.388252
46	12	0.000000	0.043051	0.000000
46	14	0.105469	0.453927	0.000000
46	22	0.191406	0.000000	0.000000
46	23	0.000000	0.503021	0.000000
46	25	0.196094	0.000000	0.000000
46	26	0.259375	0.000000	0.000000
46	27	0.247656	0.000000	0.000000
46	29	0.000000	0.000000	0.257880
47	11	0.000000	0.376888	0.000000
47	13	0.000000	0.426737	0.000000
47	14	0.000000	0.000000	0.288682
47	15	0.000000	0.196375	0.098854
47	19	0.336719	0.000000	0.000000
47	21	0.056250	0.000000	0.000000
47	24	0.607031	0.000000	0.000000
47	25	0.000000	0.000000	0.612464
48	1	0.101563	0.000000	0.000000
48	6	0.000000	0.000000	0.606734
48	11	0.000000	0.048338	0.000000
48	13	0.000000	0.226586	0.000000
48	14	0.000000	0.667674	0.000000
48	15	0.753125	0.000000	0.000000
48	18	0.000000	0.057402	0.000000
48	23	0.000000	0.000000	0.393266
48	26	0.145312	0.000000	0.000000
49	1	0.000000	0.197130	0.000000
49	8	0.000000	0.248489	0.000000
49	9	0.000000	0.000000	0.553725
49	11	0.000000	0.000000	0.140401
49	12	0.143750	0.000000	0.000000
49	16	0.456250	0.000000	0.000000
49	19	0.400000	0.139728	0.000000
49	28	0.000000	0.414653	0.000000
49	30	0.000000	0.000000	0.305874
